baysbayg29

float COST1[nv][nv]=
{{0, 107, 241, 190, 124, 80, 316, 76, 152, 157, 283, 133, 113, 297, 228, 129, 348, 276, 188, 150, 65, 341, 184, 67, 221, 169, 108, 45, 167}, 
{107, 0, 148, 137, 88, 127, 336, 183, 134, 95, 254, 180, 101, 234, 175, 176, 265, 199, 182, 67, 42, 278, 271, 146, 251, 105, 191, 139, 79}, 
{241, 148, 0, 374, 171, 259, 509, 317, 217, 232, 491, 312, 280, 391, 412, 349, 422, 356, 355, 204, 182, 435, 417, 292, 424, 116, 337, 273, 77}, 
{190, 137, 374, 0, 202, 234, 222, 192, 248, 42, 117, 287, 79, 107, 38, 121, 152, 86, 68, 70, 137, 151, 239, 135, 137, 242, 165, 228, 205}, 
{124, 88, 171, 202, 0, 61, 392, 202, 46, 160, 319, 112, 163, 322, 240, 232, 314, 287, 238, 155, 65, 366, 300, 175, 307, 57, 220, 121, 97}, 
{80, 127, 259, 234, 61, 0, 386, 141, 72, 167, 351, 55, 157, 331, 272, 226, 362, 296, 232, 164, 85, 375, 249, 147, 301, 118, 188, 60, 185}, 
{316, 336, 509, 222, 392, 386, 0, 233, 438, 254, 202, 439, 235, 254, 210, 187, 313, 266, 154, 282, 321, 298, 168, 249, 95, 437, 190, 314, 435},
{76, 183, 317, 192, 202, 141, 233, 0, 213, 188, 272, 193, 131, 302, 233, 98, 344, 289, 177, 216, 141, 346, 108, 57, 190, 245, 43, 81, 243}, 
{152, 134, 217, 248, 46, 72, 438, 213, 0, 206, 365, 89, 209, 368, 286, 278, 360, 333, 284, 201, 111, 412, 321, 221, 353, 72, 266, 132, 111}, 
{157, 95, 232, 42, 160, 167, 254, 188, 206, 0, 159, 220, 57, 149, 80, 132, 193, 127, 100, 28, 95, 193, 241, 131, 169, 200, 161, 189, 163}, 
{283, 254, 491, 117, 319, 351, 202, 272, 365, 159, 0, 404, 176, 106, 79, 161, 165, 141, 95, 187, 254, 103, 279, 215, 117, 359, 216, 308, 322}, 
{133, 180, 312, 287, 112, 55, 439, 193, 89, 220, 404, 0, 210, 384, 325, 279, 415, 349, 285, 217, 138, 428, 310, 200, 354, 169, 241, 112, 238}, 
{113, 101, 280, 79, 163, 157, 235, 131, 209, 57, 176, 210, 0, 186, 117, 75, 231, 165, 81, 85, 92, 230, 184, 74, 150, 208, 104, 158, 206}, 
{297, 234, 391, 107, 322, 331, 254, 302, 368, 149, 106, 384, 186, 0, 69, 191, 59, 35, 125, 167, 255, 44, 309, 245, 169, 327, 246, 335, 288}, 
{228, 175, 412, 38, 240, 272, 210, 233, 286, 80, 79, 325, 117, 69, 0, 122, 122, 56, 56, 108, 175, 113, 240, 176, 125, 280, 177, 266, 243}, 
{129, 176, 349, 121, 232, 226, 187, 98, 278, 132, 161, 279, 75, 191, 122, 0, 244, 178, 66, 160, 161, 235, 118, 62, 92, 277, 55, 155, 275}, 
{348, 265, 422, 152, 314, 362, 313, 344, 360, 193, 165, 415, 231, 59, 122, 244, 0, 66, 178, 198, 286, 77, 362, 287, 228, 358, 299, 380, 319}, 
{276, 199, 356, 86, 287, 296, 266, 289, 333, 127, 141, 349, 165, 35, 56, 178, 66, 0, 112, 132, 220, 79, 296, 232, 181, 292, 233, 314, 253}, 
{188, 182, 355, 68, 238, 232, 154, 177, 284, 100, 95, 285, 81, 125, 56, 66, 178, 112, 0, 128, 167, 169, 179, 120, 69, 283, 121, 213, 281}, 
{150, 67, 204, 70, 155, 164, 282, 216, 201, 28, 187, 217, 85, 167, 108, 160, 198, 132, 128, 0, 88, 211, 269, 159, 197, 172, 189, 182, 135}, 
{65, 42, 182, 137, 65, 85, 321, 141, 111, 95, 254, 138, 92, 255, 175, 161, 286, 220, 167, 88, 0, 299, 229, 104, 236, 110, 149, 97, 108}, 
{341, 278, 435, 151, 366, 375, 298, 346, 412, 193, 103, 428, 230, 44, 113, 235, 77, 79, 169, 211, 299, 0, 353, 289, 213, 371, 290, 379, 332}, 
{184, 271, 417, 239, 300, 249, 168, 108, 321, 241, 279, 310, 184, 309, 240, 118, 362, 296, 179, 269, 229, 353, 0, 121, 162, 345, 80, 189, 342}, 
{67, 146, 292, 135, 175, 147, 249, 57, 221, 131, 215, 200, 74, 245, 176, 62, 287, 232, 120, 159, 104, 289, 121, 0, 154, 220, 41, 93, 218}, 
{221, 251, 424, 137, 307, 301, 95, 190, 353, 169, 117, 354, 150, 169, 125, 92, 228, 181, 69, 197, 236, 213, 162, 154, 0, 352, 147, 247, 350}, 
{169, 105, 116, 242, 57, 118, 437, 245, 72, 200, 359, 169, 208, 327, 280, 277, 358, 292, 283, 172, 110, 371, 345, 220, 352, 0, 265, 178, 39}, 
{108, 191, 337, 165, 220, 188, 190, 43, 266, 161, 216, 241, 104, 246, 177, 55, 299, 233, 121, 189, 149, 290, 80, 41, 147, 265, 0, 124, 263}, 
{45, 139, 273, 228, 121, 60, 314, 81, 132, 189, 308, 112, 158, 335, 266, 155, 380, 314, 213, 182, 97, 379, 189, 93, 247, 178, 124, 0, 199}, 
{167, 79, 77, 205, 97, 185, 435, 243, 111, 163, 322, 238, 206, 288, 243, 275, 319, 253, 281, 135, 108, 332, 342, 218, 350, 39, 263, 199, 0}
}; 



 
 float COST2[nv][nv]=
{{0, 97, 205, 139, 86, 60, 220, 65, 111, 115, 227, 95, 82, 225, 168, 103, 266, 205, 149, 120, 58, 257, 152, 52, 180, 136, 82, 34, 145},
{97, 0, 129, 103, 71, 105, 258, 154, 112, 65, 204, 150, 87, 176, 137, 142, 204, 148, 148, 49, 41, 211, 226, 116, 197, 89, 153, 124, 74},
{205, 129, 0, 219, 125, 175, 386, 269, 134, 184, 313, 201, 215, 267, 248, 271, 274, 236, 272, 160, 151, 300, 350, 239, 322, 78, 276, 220, 60},
{139, 103, 219, 0, 167, 182, 180, 162, 208, 39, 102, 227, 60, 86, 34, 96, 129, 69, 58, 60, 120, 119, 192, 114, 110, 192, 136, 173, 173},
{86, 71, 125, 167, 0, 51, 296, 150, 42, 131, 268, 88, 131, 245, 201, 175, 275, 218, 202, 119, 50, 281, 238, 131, 244, 51, 166, 95, 69},
{60, 105, 175, 182, 51, 0, 279, 114, 56, 150, 278, 46, 133, 266, 214, 162, 302, 242, 203, 146, 67, 300, 205, 111, 238, 98, 139, 52, 120},
{220, 258, 386, 180, 296, 279, 0, 178, 328, 206, 147, 308, 172, 203, 165, 121, 251, 216, 122, 231, 249, 209, 111, 169, 72, 338, 144, 237, 331},
{65, 154, 269, 162, 150, 114, 178, 0, 169, 151, 227, 133, 104, 242, 182, 84, 290, 230, 146, 165, 121, 270, 91, 48, 158, 200, 39, 64, 210},
{111, 112, 134, 208, 42, 56, 328, 169, 0, 172, 309, 68, 169, 286, 242, 208, 315, 259, 240, 160, 90, 322, 260, 160, 281, 57, 192, 107, 90},
{115, 65, 184, 39, 131, 150, 206, 151, 172, 0, 140, 195, 51, 117, 72, 104, 153, 93, 88, 25, 85, 152, 200, 104, 139, 154, 134, 149, 135},
{227, 204, 313, 102, 268, 278, 147, 227, 309, 140, 0, 320, 146, 64, 68, 143, 106, 88, 81, 159, 219, 63, 216, 187, 88, 293, 191, 258, 272},
{95, 150, 201, 227, 88, 46, 308, 133, 68, 195, 320, 0, 174, 311, 258, 196, 347, 288, 243, 192, 113, 345, 222, 144, 274, 124, 165, 71, 153},
{82, 87, 215, 60, 131, 133, 172, 104, 169, 51, 146, 174, 0, 144, 86, 57, 189, 128, 71, 71, 82, 176, 150, 56, 114, 168, 83, 115, 160},
{225, 176, 267, 86, 245, 266, 203, 242, 286, 117, 64, 311, 144, 0, 61, 165, 51, 32, 105, 127, 201, 36, 254, 196, 136, 260, 212, 258, 234},
{168, 137, 248, 34, 201, 214, 165, 182, 242, 72, 68, 258, 86, 61, 0, 106, 110, 56, 49, 91, 153, 91, 197, 136, 94, 225, 151, 201, 205},
{103, 142, 271, 96, 175, 162, 121, 84, 208, 104, 143, 196, 57, 165, 106, 0, 215, 159, 64, 126, 128, 190, 98, 53, 78, 218, 48, 127, 214},
{266, 204, 274, 129, 275, 302, 251, 290, 315, 153, 106, 347, 189, 51, 110, 215, 0, 61, 155, 157, 235, 47, 305, 243, 186, 282, 261, 300, 252},
{205, 148, 236, 69, 218, 242, 216, 230, 259, 93, 88, 288, 128, 32, 56, 159, 61, 0, 105, 100, 176, 66, 253, 183, 146, 231, 203, 239, 204},
{149, 148, 272, 58, 202, 203, 122, 146, 240, 88, 81, 243, 71, 105, 49, 64, 155, 105, 0, 113, 152, 127, 150, 106, 52, 235, 112, 179, 221},
{120, 49, 160, 60, 119, 146, 231, 165, 160, 25, 159, 192, 71, 127, 91, 126, 157, 100, 113, 0, 79, 163, 220, 119, 164, 135, 152, 153, 114},
{58, 41, 151, 120, 50, 67, 249, 121, 90, 85, 219, 113, 82, 201, 153, 128, 235, 176, 152, 79, 0, 236, 201, 90, 195, 90, 127, 84, 91},
{257, 211, 300, 119, 281, 300, 209, 270, 322, 152, 63, 345, 176, 36, 91, 190, 47, 66, 127, 163, 236, 0, 273, 226, 148, 296, 238, 291, 269},
{152, 226, 350, 192, 238, 205, 111, 91, 260, 200, 216, 222, 150, 254, 197, 98, 305, 253, 150, 220, 201, 273, 0, 112, 130, 286, 74, 155, 291},
{52, 116, 239, 114, 131, 111, 169, 48, 160, 104, 187, 144, 56, 196, 136, 53, 243, 183, 106, 119, 90, 226, 112, 0, 130, 178, 38, 75, 180},
{180, 197, 322, 110, 244, 238, 72, 158, 281, 139, 88, 274, 114, 136, 94, 78, 186, 146, 52, 164, 195, 148, 130, 130, 0, 281, 120, 205, 270},
{136, 89, 78, 192, 51, 98, 338, 200, 57, 154, 293, 124, 168, 260, 225, 218, 282, 231, 235, 135, 90, 296, 286, 178, 281, 0, 213, 145, 36},
{82, 153, 276, 136, 166, 139, 144, 39, 192, 134, 191, 165, 83, 212, 151, 48, 261, 203, 112, 152, 127, 238, 74, 38, 120, 213, 0, 94, 217},
{34, 124, 220, 173, 95, 52, 237, 64, 107, 149, 258, 71, 115, 258, 201, 127, 300, 239, 179, 153, 84, 291, 155, 75, 205, 145, 94, 0, 162},
{145, 74, 60, 173, 69, 120, 331, 210, 90, 135, 272, 153, 160, 234, 205, 214, 252, 204, 221, 114, 91, 269, 291, 180, 270, 36, 217, 162, 0}};

